1350
1345
1340
1339
1333
1327
1321
1309
1285
1279
1273
1266
1206
1254
1249
1237
1231
1224
1215
1211
1201
1195
1186
1177
1170
1165
1157
1151
1138
1130
1123
1116
1108
1100
1094
1088
1082
1073
1067
1060
1052
1045
1038
1030
1024
1017
1011
1005
997
991
983
975
969
963
957
949
943
934
928
921
915
909
902
895
888
881
875
869
861
855
849
842
835
819
812
806
799
790
782
776
769
760
751
744
736
726
712
689
682
672
665
659
651
638
632
626
620
613
606
599
592
582
577
560
537
542
548
528
531
516
511
505
501
497
493
477
470
458
453
446
439
431
417
420
411
407
402
396
391
384
377
369
365
360
348
342
337
332
328
324
319
316
312
299
294
283
278
270
258
252
248
240
238
236
227